
dc (V)            getData("M0:gm    getData("M0:id    getData("M0:cg    getData("M0:gd    getData("M0:vt    getData("M0:vd    getData("M0:vt

 0.00000e+00       2.39707e-12       9.27560e-14       1.51146e-15       4.35237e-15       4.91909e-01       4.04202e-02       4.91909e-01      
 9.00000e-03       3.21044e-12       1.16933e-13       1.50561e-15       5.82989e-15       4.91909e-01       4.04202e-02       4.91909e-01      
 1.80000e-02       4.29957e-12       1.49711e-13       1.50000e-15       7.80870e-15       4.91909e-01       4.04202e-02       4.91909e-01      
 2.70000e-02       5.75782e-12       1.93963e-13       1.49464e-15       1.04587e-14       4.91909e-01       4.04203e-02       4.91909e-01      
 3.60000e-02       7.71008e-12       2.53541e-13       1.48955e-15       1.40074e-14       4.91909e-01       4.04204e-02       4.91909e-01      
 4.50000e-02       1.03234e-11       3.33599e-13       1.48474e-15       1.87590e-14       4.91909e-01       4.04205e-02       4.91909e-01      
 5.40000e-02       1.38211e-11       4.41041e-13       1.48024e-15       2.51209e-14       4.91909e-01       4.04206e-02       4.91909e-01      
 6.30000e-02       1.85017e-11       5.85101e-13       1.47609e-15       3.36377e-14       4.91909e-01       4.04207e-02       4.91909e-01      
 7.20000e-02       2.47640e-11       7.78133e-13       1.47233e-15       4.50379e-14       4.91909e-01       4.04210e-02       4.91909e-01      
 8.10000e-02       3.31406e-11       1.03666e-12       1.46902e-15       6.02953e-14       4.91909e-01       4.04213e-02       4.91909e-01      
 9.00000e-02       4.43425e-11       1.38275e-12       1.46620e-15       8.07114e-14       4.91909e-01       4.04217e-02       4.91909e-01      
 9.90000e-02       5.93177e-11       1.84591e-12       1.46397e-15       1.08025e-13       4.91909e-01       4.04222e-02       4.91909e-01      
 1.08000e-01       7.93300e-11       2.46553e-12       1.46242e-15       1.44557e-13       4.91909e-01       4.04229e-02       4.91909e-01      
 1.17000e-01       1.06062e-10       3.29417e-12       1.46166e-15       1.93405e-13       4.91909e-01       4.04239e-02       4.91909e-01      
 1.26000e-01       1.41747e-10       4.40192e-12       1.46179e-15       2.58698e-13       4.91909e-01       4.04251e-02       4.91909e-01      
 1.35000e-01       1.89353e-10       5.88211e-12       1.46297e-15       3.45933e-13       4.91909e-01       4.04268e-02       4.91909e-01      
 1.44000e-01       2.52819e-10       7.85897e-12       1.46544e-15       4.62427e-13       4.91909e-01       4.04291e-02       4.91909e-01      
 1.53000e-01       3.37361e-10       1.04977e-11       1.46943e-15       6.17905e-13       4.91909e-01       4.04322e-02       4.91909e-01      
 1.62000e-01       4.49866e-10       1.40176e-11       1.47518e-15       8.25273e-13       4.91909e-01       4.04362e-02       4.91909e-01      
 1.71000e-01       5.99412e-10       1.87096e-11       1.48301e-15       1.10163e-12       4.91909e-01       4.04416e-02       4.91909e-01      
 1.80000e-01       7.97929e-10       2.49582e-11       1.49326e-15       1.46959e-12       4.91909e-01       4.04488e-02       4.91909e-01      
 1.89000e-01       1.06105e-09       3.32719e-11       1.50630e-15       1.95899e-12       4.91909e-01       4.04584e-02       4.91909e-01      
 1.98000e-01       1.40915e-09       4.43198e-11       1.52256e-15       2.60906e-12       4.91909e-01       4.04711e-02       4.91909e-01      
 2.07000e-01       1.86872e-09       5.89814e-11       1.54247e-15       3.47127e-12       4.91909e-01       4.04879e-02       4.91909e-01      
 2.16000e-01       2.47398e-09       7.84077e-11       1.56652e-15       4.61282e-12       4.91909e-01       4.05102e-02       4.91909e-01      
 2.25000e-01       3.26887e-09       1.04100e-10       1.59519e-15       6.12108e-12       4.91909e-01       4.05397e-02       4.91909e-01      
 2.34000e-01       4.30944e-09       1.38009e-10       1.62897e-15       8.10903e-12       4.91909e-01       4.05785e-02       4.91909e-01      
 2.43000e-01       5.66660e-09       1.82653e-10       1.66831e-15       1.07218e-11       4.91909e-01       4.06295e-02       4.91909e-01      
 2.52000e-01       7.42924e-09       2.41267e-10       1.71366e-15       1.41444e-11       4.91909e-01       4.06963e-02       4.91909e-01      
 2.61000e-01       9.70765e-09       3.17983e-10       1.76539e-15       1.86108e-11       4.91909e-01       4.07834e-02       4.91909e-01      
 2.70000e-01       1.26371e-08       4.18033e-10       1.82380e-15       2.44135e-11       4.91909e-01       4.08965e-02       4.91909e-01      
 2.79000e-01       1.63815e-08       5.47993e-10       1.88911e-15       3.19139e-11       4.91909e-01       4.10425e-02       4.91909e-01      
 2.88000e-01       2.11362e-08       7.16057e-10       1.96144e-15       4.15524e-11       4.91909e-01       4.12300e-02       4.91909e-01      
 2.97000e-01       2.71309e-08       9.32328e-10       2.04079e-15       5.38570e-11       4.91909e-01       4.14691e-02       4.91909e-01      
 3.06000e-01       3.46308e-08       1.20914e-09       2.12705e-15       6.94488e-11       4.91909e-01       4.17715e-02       4.91909e-01      
 3.15000e-01       4.39365e-08       1.56137e-09       2.21999e-15       8.90431e-11       4.91909e-01       4.21507e-02       4.91909e-01      
 3.24000e-01       5.53811e-08       2.00675e-09       2.31924e-15       1.13444e-10       4.91909e-01       4.26218e-02       4.91909e-01      
 3.33000e-01       6.93262e-08       2.56616e-09       2.42436e-15       1.43530e-10       4.91909e-01       4.32008e-02       4.91909e-01      
 3.42000e-01       8.61532e-08       3.26381e-09       2.53476e-15       1.80233e-10       4.91909e-01       4.39046e-02       4.91909e-01      
 3.51000e-01       1.06253e-07       4.12740e-09       2.64980e-15       2.24507e-10       4.91909e-01       4.47498e-02       4.91909e-01      
 3.60000e-01       1.30015e-07       5.18817e-09       2.76874e-15       2.77291e-10       4.91909e-01       4.57523e-02       4.91909e-01      
 3.69000e-01       1.57810e-07       6.48076e-09       2.89080e-15       3.39472e-10       4.91909e-01       4.69266e-02       4.91909e-01      
 3.78000e-01       1.89982e-07       8.04306e-09       3.01514e-15       4.11848e-10       4.91909e-01       4.82846e-02       4.91909e-01      
 3.87000e-01       2.26839e-07       9.91590e-09       3.14092e-15       4.95101e-10       4.91909e-01       4.98356e-02       4.91909e-01      
 3.96000e-01       2.68652e-07       1.21427e-08       3.26731e-15       5.89779e-10       4.91909e-01       5.15860e-02       4.91909e-01      
 4.05000e-01       3.15663e-07       1.47692e-08       3.39348e-15       6.96297e-10       4.91909e-01       5.35393e-02       4.91909e-01      
 4.14000e-01       3.68095e-07       1.78431e-08       3.51867e-15       8.14947e-10       4.91909e-01       5.56963e-02       4.91909e-01      
 4.23000e-01       4.26170e-07       2.14143e-08       3.64215e-15       9.45915e-10       4.91909e-01       5.80561e-02       4.91909e-01      
 4.32000e-01       4.90128e-07       2.55347e-08       3.76327e-15       1.08931e-09       4.91909e-01       6.06161e-02       4.91909e-01      
 4.41000e-01       5.60232e-07       3.02583e-08       3.88145e-15       1.24521e-09       4.91909e-01       6.33732e-02       4.91909e-01      
 4.50000e-01       6.36775e-07       3.56418e-08       3.99618e-15       1.41364e-09       4.91909e-01       6.63237e-02       4.91909e-01      
 4.59000e-01       7.20077e-07       4.17445e-08       4.10706e-15       1.59464e-09       4.91909e-01       6.94641e-02       4.91909e-01      
 4.68000e-01       8.10472e-07       4.86289e-08       4.21375e-15       1.78827e-09       4.91909e-01       7.27910e-02       4.91909e-01      
 4.77000e-01       9.08293e-07       5.63602e-08       4.31600e-15       1.99456e-09       4.91909e-01       7.63014e-02       4.91909e-01      
 4.86000e-01       1.01385e-06       6.50066e-08       4.41364e-15       2.21361e-09       4.91909e-01       7.99927e-02       4.91909e-01      
 4.95000e-01       1.12743e-06       7.46392e-08       4.50656e-15       2.44547e-09       4.91909e-01       8.38623e-02       4.91909e-01      
 5.04000e-01       1.24924e-06       8.53312e-08       4.59472e-15       2.69025e-09       4.91909e-01       8.79077e-02       4.91909e-01      
 5.13000e-01       1.37944e-06       9.71572e-08       4.67813e-15       2.94800e-09       4.91909e-01       9.21262e-02       4.91909e-01      
 5.22000e-01       1.51809e-06       1.10193e-07       4.75686e-15       3.21879e-09       4.91909e-01       9.65153e-02       4.91909e-01      
 5.31000e-01       1.66520e-06       1.24516e-07       4.83100e-15       3.50266e-09       4.91909e-01       1.01072e-01       4.91909e-01      
 5.40000e-01       1.82067e-06       1.40200e-07       4.90068e-15       3.79962e-09       4.91909e-01       1.05792e-01       4.91909e-01      
 5.49000e-01       1.98433e-06       1.57320e-07       4.96607e-15       4.10966e-09       4.91909e-01       1.10671e-01       4.91909e-01      
 5.58000e-01       2.15591e-06       1.75950e-07       5.02734e-15       4.43272e-09       4.91909e-01       1.15707e-01       4.91909e-01      
 5.67000e-01       2.33511e-06       1.96159e-07       5.08469e-15       4.76873e-09       4.91909e-01       1.20892e-01       4.91909e-01      
 5.76000e-01       2.52154e-06       2.18013e-07       5.13830e-15       5.11759e-09       4.91909e-01       1.26224e-01       4.91909e-01      
 5.85000e-01       2.71478e-06       2.41576e-07       5.18839e-15       5.47915e-09       4.91909e-01       1.31694e-01       4.91909e-01      
 5.94000e-01       2.91436e-06       2.66907e-07       5.23515e-15       5.85324e-09       4.91909e-01       1.37299e-01       4.91909e-01      
 6.03000e-01       3.11979e-06       2.94062e-07       5.27880e-15       6.23970e-09       4.91909e-01       1.43031e-01       4.91909e-01      
 6.12000e-01       3.33058e-06       3.23089e-07       5.31953e-15       6.63832e-09       4.91909e-01       1.48885e-01       4.91909e-01      
 6.21000e-01       3.54621e-06       3.54036e-07       5.35754e-15       7.04888e-09       4.91909e-01       1.54854e-01       4.91909e-01      
 6.30000e-01       3.76619e-06       3.86944e-07       5.39301e-15       7.47117e-09       4.91909e-01       1.60932e-01       4.91909e-01      
 6.39000e-01       3.99002e-06       4.21849e-07       5.42611e-15       7.90495e-09       4.91909e-01       1.67114e-01       4.91909e-01      
 6.48000e-01       4.21722e-06       4.58784e-07       5.45702e-15       8.34999e-09       4.91909e-01       1.73392e-01       4.91909e-01      
 6.57000e-01       4.44736e-06       4.97777e-07       5.48589e-15       8.80607e-09       4.91909e-01       1.79761e-01       4.91909e-01      
 6.66000e-01       4.68000e-06       5.38853e-07       5.51288e-15       9.27295e-09       4.91909e-01       1.86215e-01       4.91909e-01      
 6.75000e-01       4.91474e-06       5.82033e-07       5.53813e-15       9.75042e-09       4.91909e-01       1.92749e-01       4.91909e-01      
 6.84000e-01       5.15122e-06       6.27333e-07       5.56177e-15       1.02383e-08       4.91909e-01       1.99358e-01       4.91909e-01      
 6.93000e-01       5.38910e-06       6.74767e-07       5.58391e-15       1.07363e-08       4.91909e-01       2.06037e-01       4.91909e-01      
 7.02000e-01       5.62808e-06       7.24348e-07       5.60469e-15       1.12443e-08       4.91909e-01       2.12781e-01       4.91909e-01      
 7.11000e-01       5.86787e-06       7.76083e-07       5.62419e-15       1.17621e-08       4.91909e-01       2.19586e-01       4.91909e-01      
 7.20000e-01       6.10822e-06       8.29978e-07       5.64252e-15       1.22895e-08       4.91909e-01       2.26447e-01       4.91909e-01      
 7.29000e-01       6.34890e-06       8.86038e-07       5.65976e-15       1.28265e-08       4.91909e-01       2.33362e-01       4.91909e-01      
 7.38000e-01       6.58972e-06       9.44265e-07       5.67601e-15       1.33727e-08       4.91909e-01       2.40326e-01       4.91909e-01      
 7.47000e-01       6.83050e-06       1.00466e-06       5.69134e-15       1.39282e-08       4.91909e-01       2.47336e-01       4.91909e-01      
 7.56000e-01       7.07107e-06       1.06722e-06       5.70582e-15       1.44927e-08       4.91909e-01       2.54389e-01       4.91909e-01      
 7.65000e-01       7.31130e-06       1.13194e-06       5.71951e-15       1.50663e-08       4.91909e-01       2.61482e-01       4.91909e-01      
 7.74000e-01       7.55107e-06       1.19882e-06       5.73247e-15       1.56487e-08       4.91909e-01       2.68614e-01       4.91909e-01      
 7.83000e-01       7.79025e-06       1.26786e-06       5.74476e-15       1.62400e-08       4.91909e-01       2.75781e-01       4.91909e-01      
 7.92000e-01       8.02877e-06       1.33905e-06       5.75643e-15       1.68401e-08       4.91909e-01       2.82981e-01       4.91909e-01      
 8.01000e-01       8.26652e-06       1.41238e-06       5.76753e-15       1.74488e-08       4.91909e-01       2.90213e-01       4.91909e-01      
 8.10000e-01       8.50345e-06       1.48785e-06       5.77810e-15       1.80662e-08       4.91909e-01       2.97474e-01       4.91909e-01      
 8.19000e-01       8.73947e-06       1.56544e-06       5.78817e-15       1.86922e-08       4.91909e-01       3.04764e-01       4.91909e-01      
 8.28000e-01       8.97454e-06       1.64515e-06       5.79778e-15       1.93269e-08       4.91909e-01       3.12080e-01       4.91909e-01      
 8.37000e-01       9.20860e-06       1.72698e-06       5.80697e-15       1.99701e-08       4.91909e-01       3.19421e-01       4.91909e-01      
 8.46000e-01       9.44160e-06       1.81091e-06       5.81576e-15       2.06219e-08       4.91909e-01       3.26787e-01       4.91909e-01      
 8.55000e-01       9.67350e-06       1.89692e-06       5.82418e-15       2.12823e-08       4.91909e-01       3.34175e-01       4.91909e-01      
 8.64000e-01       9.90427e-06       1.98502e-06       5.83227e-15       2.19514e-08       4.91909e-01       3.41585e-01       4.91909e-01      
 8.73000e-01       1.01339e-05       2.07520e-06       5.84003e-15       2.26291e-08       4.91909e-01       3.49017e-01       4.91909e-01      
 8.82000e-01       1.03623e-05       2.16743e-06       5.84750e-15       2.33154e-08       4.91909e-01       3.56468e-01       4.91909e-01      
 8.91000e-01       1.05894e-05       2.26171e-06       5.85468e-15       2.40104e-08       4.91909e-01       3.63939e-01       4.91909e-01      
 9.00000e-01       1.08153e-05       2.35803e-06       5.86161e-15       2.47142e-08       4.91909e-01       3.71430e-01       4.91909e-01      
 9.09000e-01       1.10399e-05       2.45638e-06       5.86830e-15       2.54268e-08       4.91909e-01       3.78938e-01       4.91909e-01      
 9.18000e-01       1.12632e-05       2.55674e-06       5.87475e-15       2.61483e-08       4.91909e-01       3.86465e-01       4.91909e-01      
 9.27000e-01       1.14851e-05       2.65911e-06       5.88099e-15       2.68787e-08       4.91909e-01       3.94008e-01       4.91909e-01      
 9.36000e-01       1.17057e-05       2.76346e-06       5.88703e-15       2.76182e-08       4.91909e-01       4.01569e-01       4.91909e-01      
 9.45000e-01       1.19249e-05       2.86980e-06       5.89288e-15       2.83667e-08       4.91909e-01       4.09147e-01       4.91909e-01      
 9.54000e-01       1.21426e-05       2.97810e-06       5.89855e-15       2.91244e-08       4.91909e-01       4.16741e-01       4.91909e-01      
 9.63000e-01       1.23590e-05       3.08836e-06       5.90406e-15       2.98913e-08       4.91909e-01       4.24350e-01       4.91909e-01      
 9.72000e-01       1.25738e-05       3.20055e-06       5.90940e-15       3.06677e-08       4.91909e-01       4.31976e-01       4.91909e-01      
 9.81000e-01       1.27872e-05       3.31468e-06       5.91459e-15       3.14535e-08       4.91909e-01       4.39618e-01       4.91909e-01      
 9.90000e-01       1.29991e-05       3.43071e-06       5.91965e-15       3.22489e-08       4.91909e-01       4.47274e-01       4.91909e-01      
 9.99000e-01       1.32094e-05       3.54865e-06       5.92456e-15       3.30540e-08       4.91909e-01       4.54947e-01       4.91909e-01      
 1.00800e+00       1.34182e-05       3.66847e-06       5.92935e-15       3.38690e-08       4.91909e-01       4.62634e-01       4.91909e-01      
 1.01700e+00       1.36255e-05       3.79017e-06       5.93402e-15       3.46939e-08       4.91909e-01       4.70336e-01       4.91909e-01      
 1.02600e+00       1.38311e-05       3.91372e-06       5.93857e-15       3.55290e-08       4.91909e-01       4.78054e-01       4.91909e-01      
 1.03500e+00       1.40351e-05       4.03911e-06       5.94301e-15       3.63743e-08       4.91909e-01       4.85786e-01       4.91909e-01      
 1.04400e+00       1.42375e-05       4.16634e-06       5.94735e-15       3.72300e-08       4.91909e-01       4.93533e-01       4.91909e-01      
 1.05300e+00       1.44382e-05       4.29538e-06       5.95159e-15       3.80963e-08       4.91909e-01       5.01295e-01       4.91909e-01      
 1.06200e+00       1.46372e-05       4.42621e-06       5.95573e-15       3.89733e-08       4.91909e-01       5.09072e-01       4.91909e-01      
 1.07100e+00       1.48345e-05       4.55883e-06       5.95978e-15       3.98613e-08       4.91909e-01       5.16864e-01       4.91909e-01      
 1.08000e+00       1.50300e-05       4.69322e-06       5.96375e-15       4.07603e-08       4.91909e-01       5.24670e-01       4.91909e-01      
 1.08900e+00       1.52239e-05       4.82936e-06       5.96763e-15       4.16706e-08       4.91909e-01       5.32492e-01       4.91909e-01      
 1.09800e+00       1.54159e-05       4.96724e-06       5.97143e-15       4.25923e-08       4.91909e-01       5.40328e-01       4.91909e-01      
 1.10700e+00       1.56062e-05       5.10684e-06       5.97515e-15       4.35257e-08       4.91909e-01       5.48179e-01       4.91909e-01      
 1.11600e+00       1.57947e-05       5.24814e-06       5.97880e-15       4.44710e-08       4.91909e-01       5.56045e-01       4.91909e-01      
 1.12500e+00       1.59813e-05       5.39113e-06       5.98238e-15       4.54284e-08       4.91909e-01       5.63926e-01       4.91909e-01      
 1.13400e+00       1.61661e-05       5.53579e-06       5.98589e-15       4.63982e-08       4.91909e-01       5.71822e-01       4.91909e-01      
 1.14300e+00       1.63490e-05       5.68210e-06       5.98933e-15       4.73804e-08       4.91909e-01       5.79733e-01       4.91909e-01      
 1.15200e+00       1.65300e-05       5.83006e-06       5.99271e-15       4.83755e-08       4.91909e-01       5.87659e-01       4.91909e-01      
 1.16100e+00       1.67091e-05       5.97963e-06       5.99604e-15       4.93837e-08       4.91909e-01       5.95601e-01       4.91909e-01      
 1.17000e+00       1.68863e-05       6.13081e-06       5.99930e-15       5.04052e-08       4.91909e-01       6.03557e-01       4.91909e-01      
 1.17900e+00       1.70616e-05       6.28358e-06       6.00250e-15       5.14403e-08       4.91909e-01       6.11530e-01       4.91909e-01      
 1.18800e+00       1.72349e-05       6.43791e-06       6.00566e-15       5.24893e-08       4.91909e-01       6.19517e-01       4.91909e-01      
 1.19700e+00       1.74063e-05       6.59379e-06       6.00875e-15       5.35524e-08       4.91909e-01       6.27520e-01       4.91909e-01      
 1.20600e+00       1.75756e-05       6.75121e-06       6.01180e-15       5.46301e-08       4.91909e-01       6.35539e-01       4.91909e-01      
 1.21500e+00       1.77430e-05       6.91014e-06       6.01480e-15       5.57226e-08       4.91909e-01       6.43574e-01       4.91909e-01      
 1.22400e+00       1.79084e-05       7.07057e-06       6.01775e-15       5.68302e-08       4.91909e-01       6.51624e-01       4.91909e-01      
 1.23300e+00       1.80717e-05       7.23248e-06       6.02065e-15       5.79533e-08       4.91909e-01       6.59690e-01       4.91909e-01      
 1.24200e+00       1.82330e-05       7.39585e-06       6.02351e-15       5.90922e-08       4.91909e-01       6.67773e-01       4.91909e-01      
 1.25100e+00       1.83923e-05       7.56067e-06       6.02633e-15       6.02474e-08       4.91909e-01       6.75871e-01       4.91909e-01      
 1.26000e+00       1.85495e-05       7.72691e-06       6.02911e-15       6.14192e-08       4.91909e-01       6.83986e-01       4.91909e-01      
 1.26900e+00       1.87047e-05       7.89455e-06       6.03184e-15       6.26079e-08       4.91909e-01       6.92117e-01       4.91909e-01      
 1.27800e+00       1.88577e-05       8.06358e-06       6.03453e-15       6.38141e-08       4.91909e-01       7.00264e-01       4.91909e-01      
 1.28700e+00       1.90087e-05       8.23398e-06       6.03719e-15       6.50382e-08       4.91909e-01       7.08428e-01       4.91909e-01      
 1.29600e+00       1.91576e-05       8.40573e-06       6.03981e-15       6.62805e-08       4.91909e-01       7.16609e-01       4.91909e-01      
 1.30500e+00       1.93044e-05       8.57881e-06       6.04239e-15       6.75417e-08       4.91909e-01       7.24806e-01       4.91909e-01      
 1.31400e+00       1.94491e-05       8.75320e-06       6.04494e-15       6.88221e-08       4.91909e-01       7.33021e-01       4.91909e-01      
 1.32300e+00       1.95917e-05       8.92888e-06       6.04746e-15       7.01223e-08       4.91909e-01       7.41252e-01       4.91909e-01      
 1.33200e+00       1.97322e-05       9.10584e-06       6.04994e-15       7.14427e-08       4.91909e-01       7.49501e-01       4.91909e-01      
 1.34100e+00       1.98706e-05       9.28405e-06       6.05239e-15       7.27841e-08       4.91909e-01       7.57767e-01       4.91909e-01      
 1.35000e+00       2.00068e-05       9.46350e-06       6.05481e-15       7.41468e-08       4.91909e-01       7.66050e-01       4.91909e-01      
 1.35900e+00       2.01410e-05       9.64417e-06       6.05720e-15       7.55316e-08       4.91909e-01       7.74351e-01       4.91909e-01      
 1.36800e+00       2.02730e-05       9.82603e-06       6.05957e-15       7.69390e-08       4.91909e-01       7.82669e-01       4.91909e-01      
 1.37700e+00       2.04028e-05       1.00091e-05       6.06190e-15       7.83697e-08       4.91909e-01       7.91005e-01       4.91909e-01      
 1.38600e+00       2.05306e-05       1.01933e-05       6.06421e-15       7.98243e-08       4.91909e-01       7.99359e-01       4.91909e-01      
 1.39500e+00       2.06562e-05       1.03786e-05       6.06649e-15       8.13036e-08       4.91909e-01       8.07731e-01       4.91909e-01      
 1.40400e+00       2.07797e-05       1.05651e-05       6.06874e-15       8.28083e-08       4.91909e-01       8.16121e-01       4.91909e-01      
 1.41300e+00       2.09011e-05       1.07526e-05       6.07097e-15       8.43392e-08       4.91909e-01       8.24529e-01       4.91909e-01      
 1.42200e+00       2.10204e-05       1.09413e-05       6.07318e-15       8.58970e-08       4.91909e-01       8.32956e-01       4.91909e-01      
 1.43100e+00       2.11375e-05       1.11310e-05       6.07536e-15       8.74826e-08       4.91909e-01       8.41401e-01       4.91909e-01      
 1.44000e+00       2.12525e-05       1.13218e-05       6.07752e-15       8.90968e-08       4.91909e-01       8.49865e-01       4.91909e-01      
 1.44900e+00       2.13654e-05       1.15135e-05       6.07965e-15       9.07406e-08       4.91909e-01       8.58348e-01       4.91909e-01      
 1.45800e+00       2.14762e-05       1.17063e-05       6.08177e-15       9.24149e-08       4.91909e-01       8.66850e-01       4.91909e-01      
 1.46700e+00       2.15850e-05       1.19001e-05       6.08387e-15       9.41208e-08       4.91909e-01       8.75370e-01       4.91909e-01      
 1.47600e+00       2.16916e-05       1.20948e-05       6.08594e-15       9.58591e-08       4.91909e-01       8.83910e-01       4.91909e-01      
 1.48500e+00       2.17961e-05       1.22905e-05       6.08800e-15       9.76311e-08       4.91909e-01       8.92469e-01       4.91909e-01      
 1.49400e+00       2.18985e-05       1.24872e-05       6.09003e-15       9.94378e-08       4.91909e-01       9.01048e-01       4.91909e-01      
 1.50300e+00       2.19989e-05       1.26847e-05       6.09205e-15       1.01280e-07       4.91909e-01       9.09646e-01       4.91909e-01      
 1.51200e+00       2.20972e-05       1.28831e-05       6.09406e-15       1.03160e-07       4.91909e-01       9.18264e-01       4.91909e-01      
 1.52100e+00       2.21934e-05       1.30825e-05       6.09604e-15       1.05079e-07       4.91909e-01       9.26902e-01       4.91909e-01      
 1.53000e+00       2.22876e-05       1.32826e-05       6.09801e-15       1.07037e-07       4.91909e-01       9.35559e-01       4.91909e-01      
 1.53900e+00       2.23798e-05       1.34836e-05       6.09996e-15       1.09036e-07       4.91909e-01       9.44237e-01       4.91909e-01      
 1.54800e+00       2.24699e-05       1.36854e-05       6.10190e-15       1.11078e-07       4.91909e-01       9.52935e-01       4.91909e-01      
 1.55700e+00       2.25580e-05       1.38881e-05       6.10382e-15       1.13165e-07       4.91909e-01       9.61653e-01       4.91909e-01      
 1.56600e+00       2.26440e-05       1.40915e-05       6.10572e-15       1.15298e-07       4.91909e-01       9.70392e-01       4.91909e-01      
 1.57500e+00       2.27281e-05       1.42957e-05       6.10762e-15       1.17478e-07       4.91909e-01       9.79152e-01       4.91909e-01      
 1.58400e+00       2.28102e-05       1.45006e-05       6.10950e-15       1.19708e-07       4.91909e-01       9.87932e-01       4.91909e-01      
 1.59300e+00       2.28903e-05       1.47062e-05       6.11136e-15       1.21989e-07       4.91909e-01       9.96734e-01       4.91909e-01      
 1.60200e+00       2.29684e-05       1.49126e-05       6.11321e-15       1.24324e-07       4.91909e-01       1.00556e+00       4.91909e-01      
 1.61100e+00       2.30446e-05       1.51197e-05       6.11505e-15       1.26715e-07       4.91909e-01       1.01440e+00       4.91909e-01      
 1.62000e+00       2.31189e-05       1.53274e-05       6.11688e-15       1.29163e-07       4.91909e-01       1.02326e+00       4.91909e-01      
 1.62900e+00       2.31912e-05       1.55358e-05       6.11869e-15       1.31672e-07       4.91909e-01       1.03215e+00       4.91909e-01      
 1.63800e+00       2.32615e-05       1.57448e-05       6.12049e-15       1.34243e-07       4.91909e-01       1.04106e+00       4.91909e-01      
 1.64700e+00       2.33300e-05       1.59545e-05       6.12228e-15       1.36880e-07       4.91909e-01       1.04999e+00       4.91909e-01      
 1.65600e+00       2.33966e-05       1.61648e-05       6.12406e-15       1.39585e-07       4.91909e-01       1.05894e+00       4.91909e-01      
 1.66500e+00       2.34613e-05       1.63756e-05       6.12582e-15       1.42361e-07       4.91909e-01       1.06791e+00       4.91909e-01      
 1.67400e+00       2.35242e-05       1.65871e-05       6.12757e-15       1.45211e-07       4.91909e-01       1.07691e+00       4.91909e-01      
 1.68300e+00       2.35851e-05       1.67991e-05       6.12931e-15       1.48138e-07       4.91909e-01       1.08593e+00       4.91909e-01      
 1.69200e+00       2.36443e-05       1.70116e-05       6.13104e-15       1.51147e-07       4.91909e-01       1.09497e+00       4.91909e-01      
 1.70100e+00       2.37016e-05       1.72247e-05       6.13275e-15       1.54240e-07       4.91909e-01       1.10403e+00       4.91909e-01      
 1.71000e+00       2.37571e-05       1.74382e-05       6.13445e-15       1.57421e-07       4.91909e-01       1.11312e+00       4.91909e-01      
 1.71900e+00       2.38108e-05       1.76523e-05       6.13614e-15       1.60696e-07       4.91909e-01       1.12223e+00       4.91909e-01      
 1.72800e+00       2.38627e-05       1.78668e-05       6.13782e-15       1.64067e-07       4.91909e-01       1.13136e+00       4.91909e-01      
 1.73700e+00       2.39128e-05       1.80818e-05       6.13948e-15       1.67539e-07       4.91909e-01       1.14052e+00       4.91909e-01      
 1.74600e+00       2.39612e-05       1.82972e-05       6.14113e-15       1.71119e-07       4.91909e-01       1.14969e+00       4.91909e-01      
 1.75500e+00       2.40078e-05       1.85131e-05       6.14276e-15       1.74810e-07       4.91909e-01       1.15890e+00       4.91909e-01      
 1.76400e+00       2.40527e-05       1.87294e-05       6.14438e-15       1.78619e-07       4.91909e-01       1.16812e+00       4.91909e-01      
 1.77300e+00       2.40958e-05       1.89460e-05       6.14599e-15       1.82551e-07       4.91909e-01       1.17737e+00       4.91909e-01      
 1.78200e+00       2.41372e-05       1.91631e-05       6.14759e-15       1.86612e-07       4.91909e-01       1.18665e+00       4.91909e-01      
 1.79100e+00       2.41769e-05       1.93805e-05       6.14917e-15       1.90811e-07       4.91909e-01       1.19594e+00       4.91909e-01      
 1.80000e+00       2.42150e-05       1.95983e-05       6.15073e-15       1.95153e-07       4.91909e-01       1.20526e+00       4.91909e-01      
