
dc (V)            getData("M0:gm    getData("M0:id    getData("M0:cg    getData("M0:gd    getData("M0:vt    getData("M0:vd    getData("M0:vt

 0.00000e+00       1.04453e-12       5.09627e-14       3.38527e-15       9.15382e-16       4.86686e-01       3.94360e-02       4.86686e-01      
 9.00000e-03       1.40058e-12       6.10021e-14       3.37147e-15       1.22756e-15       4.86686e-01       3.94360e-02       4.86686e-01      
 1.80000e-02       1.87789e-12       7.48627e-14       3.35825e-15       1.64615e-15       4.86686e-01       3.94361e-02       4.86686e-01      
 2.70000e-02       2.51770e-12       9.38038e-14       3.34565e-15       2.20737e-15       4.86686e-01       3.94361e-02       4.86686e-01      
 3.60000e-02       3.37523e-12       1.19517e-13       3.33372e-15       2.95976e-15       4.86686e-01       3.94362e-02       4.86686e-01      
 4.50000e-02       4.52441e-12       1.54271e-13       3.32251e-15       3.96837e-15       4.86686e-01       3.94363e-02       4.86686e-01      
 5.40000e-02       6.06420e-12       2.01110e-13       3.31209e-15       5.32030e-15       4.86686e-01       3.94365e-02       4.86686e-01      
 6.30000e-02       8.12700e-12       2.64110e-13       3.30255e-15       7.13220e-15       4.86686e-01       3.94366e-02       4.86686e-01      
 7.20000e-02       1.08899e-11       3.48734e-13       3.29401e-15       9.56024e-15       4.86686e-01       3.94369e-02       4.86686e-01      
 8.10000e-02       1.45895e-11       4.62294e-13       3.28659e-15       1.28134e-14       4.86686e-01       3.94372e-02       4.86686e-01      
 9.00000e-02       1.95421e-11       6.14573e-13       3.28047e-15       1.71713e-14       4.86686e-01       3.94377e-02       4.86686e-01      
 9.90000e-02       2.61697e-11       8.18658e-13       3.27585e-15       2.30076e-14       4.86686e-01       3.94383e-02       4.86686e-01      
 1.08000e-01       3.50353e-11       1.09204e-12       3.27297e-15       3.08220e-14       4.86686e-01       3.94391e-02       4.86686e-01      
 1.17000e-01       4.68891e-11       1.45808e-12       3.27214e-15       4.12816e-14       4.86686e-01       3.94401e-02       4.86686e-01      
 1.26000e-01       6.27277e-11       1.94796e-12       3.27362e-15       5.52766e-14       4.86686e-01       3.94415e-02       4.86686e-01      
 1.35000e-01       8.38747e-11       2.60322e-12       3.27783e-15       7.39928e-14       4.86686e-01       3.94435e-02       4.86686e-01      
 1.44000e-01       1.12090e-10       3.47921e-12       3.28535e-15       9.90095e-14       4.86686e-01       3.94460e-02       4.86686e-01      
 1.53000e-01       1.49702e-10       4.64957e-12       3.29677e-15       1.32427e-13       4.86686e-01       3.94494e-02       4.86686e-01      
 1.62000e-01       1.99787e-10       6.21210e-12       3.31276e-15       1.77034e-13       4.86686e-01       3.94539e-02       4.86686e-01      
 1.71000e-01       2.66398e-10       8.29653e-12       3.33409e-15       2.36527e-13       4.86686e-01       3.94600e-02       4.86686e-01      
 1.80000e-01       3.54860e-10       1.10745e-11       3.36162e-15       3.15793e-13       4.86686e-01       3.94681e-02       4.86686e-01      
 1.89000e-01       4.72145e-10       1.47728e-11       3.39630e-15       4.21278e-13       4.86686e-01       3.94788e-02       4.86686e-01      
 1.98000e-01       6.27337e-10       1.96901e-11       3.43916e-15       5.61462e-13       4.86686e-01       3.94931e-02       4.86686e-01      
 2.07000e-01       8.32224e-10       2.62183e-11       3.49132e-15       7.47454e-13       4.86686e-01       3.95120e-02       4.86686e-01      
 2.16000e-01       1.10201e-09       3.48706e-11       3.55392e-15       9.93750e-13       4.86686e-01       3.95371e-02       4.86686e-01      
 2.25000e-01       1.45617e-09       4.63154e-11       3.62813e-15       1.31917e-12       4.86686e-01       3.95702e-02       4.86686e-01      
 2.34000e-01       1.91951e-09       6.14195e-11       3.71510e-15       1.74801e-12       4.86686e-01       3.96138e-02       4.86686e-01      
 2.43000e-01       2.52327e-09       8.13015e-11       3.81590e-15       2.31140e-12       4.86686e-01       3.96710e-02       4.86686e-01      
 2.52000e-01       3.30653e-09       1.07395e-10       3.93151e-15       3.04894e-12       4.86686e-01       3.97459e-02       4.86686e-01      
 2.61000e-01       4.31755e-09       1.41526e-10       4.06274e-15       4.01049e-12       4.86686e-01       3.98435e-02       4.86686e-01      
 2.70000e-01       5.61529e-09       1.86002e-10       4.21023e-15       5.25815e-12       4.86686e-01       3.99699e-02       4.86686e-01      
 2.79000e-01       7.27077e-09       2.43715e-10       4.37436e-15       6.86831e-12       4.86686e-01       4.01329e-02       4.86686e-01      
 2.88000e-01       9.36837e-09       3.18256e-10       4.55528e-15       8.93350e-12       4.86686e-01       4.03415e-02       4.86686e-01      
 2.97000e-01       1.20067e-08       4.14037e-10       4.75284e-15       1.15640e-11       4.86686e-01       4.06067e-02       4.86686e-01      
 3.06000e-01       1.52989e-08       5.36426e-10       4.96662e-15       1.48885e-11       4.86686e-01       4.09408e-02       4.86686e-01      
 3.15000e-01       1.93727e-08       6.91874e-10       5.19591e-15       1.90542e-11       4.86686e-01       4.13580e-02       4.86686e-01      
 3.24000e-01       2.43687e-08       8.88043e-10       5.43970e-15       2.42251e-11       4.86686e-01       4.18737e-02       4.86686e-01      
 3.33000e-01       3.04385e-08       1.13391e-09       5.69674e-15       3.05792e-11       4.86686e-01       4.25041e-02       4.86686e-01      
 3.42000e-01       3.77411e-08       1.43986e-09       5.96555e-15       3.83033e-11       4.86686e-01       4.32656e-02       4.86686e-01      
 3.51000e-01       4.64380e-08       1.81771e-09       6.24445e-15       4.75872e-11       4.86686e-01       4.41745e-02       4.86686e-01      
 3.60000e-01       5.66885e-08       2.28074e-09       6.53159e-15       5.86171e-11       4.86686e-01       4.52454e-02       4.86686e-01      
 3.69000e-01       6.86438e-08       2.84362e-09       6.82504e-15       7.15676e-11       4.86686e-01       4.64912e-02       4.86686e-01      
 3.78000e-01       8.24433e-08       3.52234e-09       7.12277e-15       8.65964e-11       4.86686e-01       4.79223e-02       4.86686e-01      
 3.87000e-01       9.82122e-08       4.33408e-09       7.42278e-15       1.03839e-10       4.86686e-01       4.95462e-02       4.86686e-01      
 3.96000e-01       1.16063e-07       5.29708e-09       7.72308e-15       1.23408e-10       4.86686e-01       5.13674e-02       4.86686e-01      
 4.05000e-01       1.36099e-07       6.43055e-09       8.02176e-15       1.45391e-10       4.86686e-01       5.33880e-02       4.86686e-01      
 4.14000e-01       1.58419e-07       7.75461e-09       8.31704e-15       1.69855e-10       4.86686e-01       5.56078e-02       4.86686e-01      
 4.23000e-01       1.83129e-07       9.29030e-09       8.60728e-15       1.96851e-10       4.86686e-01       5.80250e-02       4.86686e-01      
 4.32000e-01       2.10340e-07       1.10596e-08       8.89103e-15       2.26416e-10       4.86686e-01       6.06368e-02       4.86686e-01      
 4.41000e-01       2.40176e-07       1.30856e-08       9.16700e-15       2.58581e-10       4.86686e-01       6.34401e-02       4.86686e-01      
 4.50000e-01       2.72773e-07       1.53925e-08       9.43413e-15       2.93374e-10       4.86686e-01       6.64315e-02       4.86686e-01      
 4.59000e-01       3.08275e-07       1.80058e-08       9.69154e-15       3.30821e-10       4.86686e-01       6.96079e-02       4.86686e-01      
 4.68000e-01       3.46827e-07       2.09524e-08       9.93856e-15       3.70949e-10       4.86686e-01       7.29664e-02       4.86686e-01      
 4.77000e-01       3.88573e-07       2.42603e-08       1.01747e-14       4.13788e-10       4.86686e-01       7.65044e-02       4.86686e-01      
 4.86000e-01       4.33639e-07       2.79588e-08       1.03997e-14       4.59367e-10       4.86686e-01       8.02198e-02       4.86686e-01      
 4.95000e-01       4.82135e-07       3.20783e-08       1.06133e-14       5.07715e-10       4.86686e-01       8.41102e-02       4.86686e-01      
 5.04000e-01       5.34144e-07       3.66502e-08       1.08156e-14       5.58858e-10       4.86686e-01       8.81734e-02       4.86686e-01      
 5.13000e-01       5.89719e-07       4.17063e-08       1.10066e-14       6.12819e-10       4.86686e-01       9.24069e-02       4.86686e-01      
 5.22000e-01       6.48878e-07       4.72787e-08       1.11866e-14       6.69618e-10       4.86686e-01       9.68080e-02       4.86686e-01      
 5.31000e-01       7.11603e-07       5.33997e-08       1.13558e-14       7.29265e-10       4.86686e-01       1.01374e-01       4.86686e-01      
 5.40000e-01       7.77844e-07       6.01012e-08       1.15146e-14       7.91768e-10       4.86686e-01       1.06100e-01       4.86686e-01      
 5.49000e-01       8.47516e-07       6.74145e-08       1.16635e-14       8.57123e-10       4.86686e-01       1.10983e-01       4.86686e-01      
 5.58000e-01       9.20504e-07       7.53699e-08       1.18029e-14       9.25321e-10       4.86686e-01       1.16019e-01       4.86686e-01      
 5.67000e-01       9.96666e-07       8.39966e-08       1.19331e-14       9.96346e-10       4.86686e-01       1.21203e-01       4.86686e-01      
 5.76000e-01       1.07584e-06       9.33225e-08       1.20548e-14       1.07017e-09       4.86686e-01       1.26528e-01       4.86686e-01      
 5.85000e-01       1.15784e-06       1.03374e-07       1.21685e-14       1.14678e-09       4.86686e-01       1.31990e-01       4.86686e-01      
 5.94000e-01       1.24248e-06       1.14175e-07       1.22745e-14       1.22612e-09       4.86686e-01       1.37584e-01       4.86686e-01      
 6.03000e-01       1.32954e-06       1.25750e-07       1.23734e-14       1.30816e-09       4.86686e-01       1.43302e-01       4.86686e-01      
 6.12000e-01       1.41884e-06       1.38118e-07       1.24657e-14       1.39286e-09       4.86686e-01       1.49139e-01       4.86686e-01      
 6.21000e-01       1.51015e-06       1.51299e-07       1.25517e-14       1.48017e-09       4.86686e-01       1.55089e-01       4.86686e-01      
 6.30000e-01       1.60327e-06       1.65310e-07       1.26320e-14       1.57005e-09       4.86686e-01       1.61146e-01       4.86686e-01      
 6.39000e-01       1.69801e-06       1.80166e-07       1.27070e-14       1.66244e-09       4.86686e-01       1.67303e-01       4.86686e-01      
 6.48000e-01       1.79418e-06       1.95882e-07       1.27770e-14       1.75731e-09       4.86686e-01       1.73556e-01       4.86686e-01      
 6.57000e-01       1.89159e-06       2.12469e-07       1.28423e-14       1.85459e-09       4.86686e-01       1.79898e-01       4.86686e-01      
 6.66000e-01       1.99008e-06       2.29938e-07       1.29035e-14       1.95426e-09       4.86686e-01       1.86325e-01       4.86686e-01      
 6.75000e-01       2.08949e-06       2.48297e-07       1.29607e-14       2.05625e-09       4.86686e-01       1.92830e-01       4.86686e-01      
 6.84000e-01       2.18967e-06       2.67554e-07       1.30142e-14       2.16053e-09       4.86686e-01       1.99409e-01       4.86686e-01      
 6.93000e-01       2.29050e-06       2.87716e-07       1.30644e-14       2.26706e-09       4.86686e-01       2.06058e-01       4.86686e-01      
 7.02000e-01       2.39184e-06       3.08788e-07       1.31115e-14       2.37579e-09       4.86686e-01       2.12772e-01       4.86686e-01      
 7.11000e-01       2.49360e-06       3.30774e-07       1.31558e-14       2.48670e-09       4.86686e-01       2.19547e-01       4.86686e-01      
 7.20000e-01       2.59567e-06       3.53677e-07       1.31974e-14       2.59975e-09       4.86686e-01       2.26379e-01       4.86686e-01      
 7.29000e-01       2.69796e-06       3.77499e-07       1.32366e-14       2.71490e-09       4.86686e-01       2.33265e-01       4.86686e-01      
 7.38000e-01       2.80040e-06       4.02243e-07       1.32735e-14       2.83214e-09       4.86686e-01       2.40202e-01       4.86686e-01      
 7.47000e-01       2.90291e-06       4.27909e-07       1.33083e-14       2.95144e-09       4.86686e-01       2.47186e-01       4.86686e-01      
 7.56000e-01       3.00543e-06       4.54497e-07       1.33413e-14       3.07277e-09       4.86686e-01       2.54214e-01       4.86686e-01      
 7.65000e-01       3.10791e-06       4.82008e-07       1.33724e-14       3.19612e-09       4.86686e-01       2.61284e-01       4.86686e-01      
 7.74000e-01       3.21030e-06       5.10441e-07       1.34020e-14       3.32147e-09       4.86686e-01       2.68395e-01       4.86686e-01      
 7.83000e-01       3.31255e-06       5.39795e-07       1.34300e-14       3.44881e-09       4.86686e-01       2.75542e-01       4.86686e-01      
 7.92000e-01       3.41463e-06       5.70068e-07       1.34566e-14       3.57812e-09       4.86686e-01       2.82725e-01       4.86686e-01      
 8.01000e-01       3.51650e-06       6.01258e-07       1.34820e-14       3.70941e-09       4.86686e-01       2.89943e-01       4.86686e-01      
 8.10000e-01       3.61813e-06       6.33365e-07       1.35061e-14       3.84265e-09       4.86686e-01       2.97192e-01       4.86686e-01      
 8.19000e-01       3.71950e-06       6.66385e-07       1.35291e-14       3.97786e-09       4.86686e-01       3.04472e-01       4.86686e-01      
 8.28000e-01       3.82057e-06       7.00315e-07       1.35511e-14       4.11503e-09       4.86686e-01       3.11781e-01       4.86686e-01      
 8.37000e-01       3.92133e-06       7.35154e-07       1.35722e-14       4.25416e-09       4.86686e-01       3.19118e-01       4.86686e-01      
 8.46000e-01       4.02176e-06       7.70898e-07       1.35923e-14       4.39525e-09       4.86686e-01       3.26482e-01       4.86686e-01      
 8.55000e-01       4.12184e-06       8.07544e-07       1.36116e-14       4.53830e-09       4.86686e-01       3.33872e-01       4.86686e-01      
 8.64000e-01       4.22156e-06       8.45090e-07       1.36302e-14       4.68333e-09       4.86686e-01       3.41288e-01       4.86686e-01      
 8.73000e-01       4.32089e-06       8.83530e-07       1.36480e-14       4.83035e-09       4.86686e-01       3.48727e-01       4.86686e-01      
 8.82000e-01       4.41982e-06       9.22863e-07       1.36651e-14       4.97936e-09       4.86686e-01       3.56191e-01       4.86686e-01      
 8.91000e-01       4.51835e-06       9.63085e-07       1.36817e-14       5.13037e-09       4.86686e-01       3.63677e-01       4.86686e-01      
 9.00000e-01       4.61644e-06       1.00419e-06       1.36976e-14       5.28341e-09       4.86686e-01       3.71185e-01       4.86686e-01      
 9.09000e-01       4.71410e-06       1.04618e-06       1.37130e-14       5.43848e-09       4.86686e-01       3.78715e-01       4.86686e-01      
 9.18000e-01       4.81131e-06       1.08904e-06       1.37278e-14       5.59561e-09       4.86686e-01       3.86267e-01       4.86686e-01      
 9.27000e-01       4.90806e-06       1.13278e-06       1.37422e-14       5.75481e-09       4.86686e-01       3.93839e-01       4.86686e-01      
 9.36000e-01       5.00433e-06       1.17738e-06       1.37561e-14       5.91610e-09       4.86686e-01       4.01432e-01       4.86686e-01      
 9.45000e-01       5.10012e-06       1.22285e-06       1.37696e-14       6.07950e-09       4.86686e-01       4.09046e-01       4.86686e-01      
 9.54000e-01       5.19540e-06       1.26918e-06       1.37826e-14       6.24505e-09       4.86686e-01       4.16679e-01       4.86686e-01      
 9.63000e-01       5.29018e-06       1.31637e-06       1.37953e-14       6.41276e-09       4.86686e-01       4.24332e-01       4.86686e-01      
 9.72000e-01       5.38444e-06       1.36440e-06       1.38076e-14       6.58266e-09       4.86686e-01       4.32004e-01       4.86686e-01      
 9.81000e-01       5.47816e-06       1.41328e-06       1.38196e-14       6.75478e-09       4.86686e-01       4.39696e-01       4.86686e-01      
 9.90000e-01       5.57133e-06       1.46300e-06       1.38313e-14       6.92914e-09       4.86686e-01       4.47407e-01       4.86686e-01      
 9.99000e-01       5.66395e-06       1.51356e-06       1.38426e-14       7.10579e-09       4.86686e-01       4.55136e-01       4.86686e-01      
 1.00800e+00       5.75601e-06       1.56495e-06       1.38537e-14       7.28475e-09       4.86686e-01       4.62885e-01       4.86686e-01      
 1.01700e+00       5.84748e-06       1.61717e-06       1.38644e-14       7.46606e-09       4.86686e-01       4.70653e-01       4.86686e-01      
 1.02600e+00       5.93836e-06       1.67020e-06       1.38750e-14       7.64976e-09       4.86686e-01       4.78439e-01       4.86686e-01      
 1.03500e+00       6.02864e-06       1.72405e-06       1.38852e-14       7.83587e-09       4.86686e-01       4.86244e-01       4.86686e-01      
 1.04400e+00       6.11830e-06       1.77871e-06       1.38952e-14       8.02445e-09       4.86686e-01       4.94067e-01       4.86686e-01      
 1.05300e+00       6.20734e-06       1.83418e-06       1.39050e-14       8.21552e-09       4.86686e-01       5.01909e-01       4.86686e-01      
 1.06200e+00       6.29574e-06       1.89044e-06       1.39146e-14       8.40915e-09       4.86686e-01       5.09770e-01       4.86686e-01      
 1.07100e+00       6.38349e-06       1.94749e-06       1.39239e-14       8.60536e-09       4.86686e-01       5.17649e-01       4.86686e-01      
 1.08000e+00       6.47059e-06       2.00534e-06       1.39331e-14       8.80421e-09       4.86686e-01       5.25546e-01       4.86686e-01      
 1.08900e+00       6.55701e-06       2.06396e-06       1.39420e-14       9.00575e-09       4.86686e-01       5.33462e-01       4.86686e-01      
 1.09800e+00       6.64275e-06       2.12336e-06       1.39508e-14       9.21002e-09       4.86686e-01       5.41397e-01       4.86686e-01      
 1.10700e+00       6.72780e-06       2.18352e-06       1.39594e-14       9.41709e-09       4.86686e-01       5.49350e-01       4.86686e-01      
 1.11600e+00       6.81214e-06       2.24445e-06       1.39678e-14       9.62699e-09       4.86686e-01       5.57322e-01       4.86686e-01      
 1.12500e+00       6.89577e-06       2.30614e-06       1.39760e-14       9.83980e-09       4.86686e-01       5.65313e-01       4.86686e-01      
 1.13400e+00       6.97868e-06       2.36857e-06       1.39841e-14       1.00556e-08       4.86686e-01       5.73322e-01       4.86686e-01      
 1.14300e+00       7.06086e-06       2.43175e-06       1.39921e-14       1.02744e-08       4.86686e-01       5.81350e-01       4.86686e-01      
 1.15200e+00       7.14229e-06       2.49566e-06       1.39999e-14       1.04962e-08       4.86686e-01       5.89397e-01       4.86686e-01      
 1.16100e+00       7.22297e-06       2.56031e-06       1.40075e-14       1.07213e-08       4.86686e-01       5.97462e-01       4.86686e-01      
 1.17000e+00       7.30288e-06       2.62567e-06       1.40150e-14       1.09495e-08       4.86686e-01       6.05547e-01       4.86686e-01      
 1.17900e+00       7.38203e-06       2.69175e-06       1.40224e-14       1.11811e-08       4.86686e-01       6.13650e-01       4.86686e-01      
 1.18800e+00       7.46039e-06       2.75854e-06       1.40297e-14       1.14160e-08       4.86686e-01       6.21773e-01       4.86686e-01      
 1.19700e+00       7.53797e-06       2.82604e-06       1.40368e-14       1.16544e-08       4.86686e-01       6.29914e-01       4.86686e-01      
 1.20600e+00       7.61474e-06       2.89422e-06       1.40438e-14       1.18963e-08       4.86686e-01       6.38075e-01       4.86686e-01      
 1.21500e+00       7.69072e-06       2.96310e-06       1.40507e-14       1.21418e-08       4.86686e-01       6.46255e-01       4.86686e-01      
 1.22400e+00       7.76588e-06       3.03265e-06       1.40575e-14       1.23910e-08       4.86686e-01       6.54454e-01       4.86686e-01      
 1.23300e+00       7.84021e-06       3.10288e-06       1.40641e-14       1.26440e-08       4.86686e-01       6.62673e-01       4.86686e-01      
 1.24200e+00       7.91373e-06       3.17377e-06       1.40707e-14       1.29010e-08       4.86686e-01       6.70912e-01       4.86686e-01      
 1.25100e+00       7.98640e-06       3.24532e-06       1.40771e-14       1.31619e-08       4.86686e-01       6.79170e-01       4.86686e-01      
 1.26000e+00       8.05824e-06       3.31752e-06       1.40835e-14       1.34269e-08       4.86686e-01       6.87447e-01       4.86686e-01      
 1.26900e+00       8.12923e-06       3.39037e-06       1.40897e-14       1.36961e-08       4.86686e-01       6.95745e-01       4.86686e-01      
 1.27800e+00       8.19937e-06       3.46384e-06       1.40959e-14       1.39696e-08       4.86686e-01       7.04062e-01       4.86686e-01      
 1.28700e+00       8.26865e-06       3.53795e-06       1.41020e-14       1.42476e-08       4.86686e-01       7.12399e-01       4.86686e-01      
 1.29600e+00       8.33706e-06       3.61268e-06       1.41080e-14       1.45301e-08       4.86686e-01       7.20757e-01       4.86686e-01      
 1.30500e+00       8.40461e-06       3.68801e-06       1.41139e-14       1.48173e-08       4.86686e-01       7.29134e-01       4.86686e-01      
 1.31400e+00       8.47128e-06       3.76395e-06       1.41197e-14       1.51093e-08       4.86686e-01       7.37532e-01       4.86686e-01      
 1.32300e+00       8.53708e-06       3.84049e-06       1.41254e-14       1.54063e-08       4.86686e-01       7.45950e-01       4.86686e-01      
 1.33200e+00       8.60200e-06       3.91762e-06       1.41311e-14       1.57084e-08       4.86686e-01       7.54389e-01       4.86686e-01      
 1.34100e+00       8.66603e-06       3.99532e-06       1.41366e-14       1.60158e-08       4.86686e-01       7.62848e-01       4.86686e-01      
 1.35000e+00       8.72917e-06       4.07360e-06       1.41421e-14       1.63285e-08       4.86686e-01       7.71328e-01       4.86686e-01      
 1.35900e+00       8.79143e-06       4.15245e-06       1.41476e-14       1.66469e-08       4.86686e-01       7.79828e-01       4.86686e-01      
 1.36800e+00       8.85279e-06       4.23185e-06       1.41529e-14       1.69710e-08       4.86686e-01       7.88350e-01       4.86686e-01      
 1.37700e+00       8.91325e-06       4.31179e-06       1.41582e-14       1.73010e-08       4.86686e-01       7.96892e-01       4.86686e-01      
 1.38600e+00       8.97282e-06       4.39228e-06       1.41634e-14       1.76372e-08       4.86686e-01       8.05456e-01       4.86686e-01      
 1.39500e+00       9.03149e-06       4.47330e-06       1.41686e-14       1.79797e-08       4.86686e-01       8.14040e-01       4.86686e-01      
 1.40400e+00       9.08926e-06       4.55484e-06       1.41737e-14       1.83288e-08       4.86686e-01       8.22646e-01       4.86686e-01      
 1.41300e+00       9.14613e-06       4.63690e-06       1.41787e-14       1.86846e-08       4.86686e-01       8.31274e-01       4.86686e-01      
 1.42200e+00       9.20210e-06       4.71947e-06       1.41836e-14       1.90473e-08       4.86686e-01       8.39923e-01       4.86686e-01      
 1.43100e+00       9.25717e-06       4.80254e-06       1.41886e-14       1.94173e-08       4.86686e-01       8.48593e-01       4.86686e-01      
 1.44000e+00       9.31133e-06       4.88610e-06       1.41934e-14       1.97948e-08       4.86686e-01       8.57285e-01       4.86686e-01      
 1.44900e+00       9.36460e-06       4.97014e-06       1.41982e-14       2.01800e-08       4.86686e-01       8.65999e-01       4.86686e-01      
 1.45800e+00       9.41696e-06       5.05466e-06       1.42029e-14       2.05733e-08       4.86686e-01       8.74736e-01       4.86686e-01      
 1.46700e+00       9.46842e-06       5.13964e-06       1.42076e-14       2.09748e-08       4.86686e-01       8.83494e-01       4.86686e-01      
 1.47600e+00       9.51898e-06       5.22509e-06       1.42122e-14       2.13849e-08       4.86686e-01       8.92274e-01       4.86686e-01      
 1.48500e+00       9.56865e-06       5.31098e-06       1.42168e-14       2.18040e-08       4.86686e-01       9.01076e-01       4.86686e-01      
 1.49400e+00       9.61742e-06       5.39732e-06       1.42213e-14       2.22324e-08       4.86686e-01       9.09901e-01       4.86686e-01      
 1.50300e+00       9.66529e-06       5.48409e-06       1.42258e-14       2.26703e-08       4.86686e-01       9.18749e-01       4.86686e-01      
 1.51200e+00       9.71228e-06       5.57129e-06       1.42303e-14       2.31183e-08       4.86686e-01       9.27619e-01       4.86686e-01      
 1.52100e+00       9.75837e-06       5.65891e-06       1.42347e-14       2.35767e-08       4.86686e-01       9.36512e-01       4.86686e-01      
 1.53000e+00       9.80358e-06       5.74694e-06       1.42390e-14       2.40458e-08       4.86686e-01       9.45428e-01       4.86686e-01      
 1.53900e+00       9.84790e-06       5.83537e-06       1.42433e-14       2.45263e-08       4.86686e-01       9.54366e-01       4.86686e-01      
 1.54800e+00       9.89134e-06       5.92420e-06       1.42476e-14       2.50184e-08       4.86686e-01       9.63328e-01       4.86686e-01      
 1.55700e+00       9.93390e-06       6.01341e-06       1.42518e-14       2.55227e-08       4.86686e-01       9.72313e-01       4.86686e-01      
 1.56600e+00       9.97559e-06       6.10301e-06       1.42560e-14       2.60397e-08       4.86686e-01       9.81322e-01       4.86686e-01      
 1.57500e+00       1.00164e-05       6.19297e-06       1.42601e-14       2.65700e-08       4.86686e-01       9.90354e-01       4.86686e-01      
 1.58400e+00       1.00564e-05       6.28330e-06       1.42642e-14       2.71142e-08       4.86686e-01       9.99409e-01       4.86686e-01      
 1.59300e+00       1.00955e-05       6.37398e-06       1.42683e-14       2.76728e-08       4.86686e-01       1.00849e+00       4.86686e-01      
 1.60200e+00       1.01337e-05       6.46501e-06       1.42723e-14       2.82464e-08       4.86686e-01       1.01759e+00       4.86686e-01      
 1.61100e+00       1.01711e-05       6.55639e-06       1.42763e-14       2.88359e-08       4.86686e-01       1.02672e+00       4.86686e-01      
 1.62000e+00       1.02076e-05       6.64809e-06       1.42802e-14       2.94418e-08       4.86686e-01       1.03587e+00       4.86686e-01      
 1.62900e+00       1.02433e-05       6.74012e-06       1.42841e-14       3.00650e-08       4.86686e-01       1.04504e+00       4.86686e-01      
 1.63800e+00       1.02781e-05       6.83247e-06       1.42880e-14       3.07063e-08       4.86686e-01       1.05424e+00       4.86686e-01      
 1.64700e+00       1.03121e-05       6.92512e-06       1.42919e-14       3.13666e-08       4.86686e-01       1.06347e+00       4.86686e-01      
 1.65600e+00       1.03453e-05       7.01808e-06       1.42957e-14       3.20468e-08       4.86686e-01       1.07272e+00       4.86686e-01      
 1.66500e+00       1.03777e-05       7.11134e-06       1.42995e-14       3.27478e-08       4.86686e-01       1.08199e+00       4.86686e-01      
 1.67400e+00       1.04092e-05       7.20488e-06       1.43033e-14       3.34707e-08       4.86686e-01       1.09129e+00       4.86686e-01      
 1.68300e+00       1.04399e-05       7.29870e-06       1.43070e-14       3.42167e-08       4.86686e-01       1.10061e+00       4.86686e-01      
 1.69200e+00       1.04698e-05       7.39279e-06       1.43107e-14       3.49870e-08       4.86686e-01       1.10996e+00       4.86686e-01      
 1.70100e+00       1.04989e-05       7.48715e-06       1.43143e-14       3.57827e-08       4.86686e-01       1.11933e+00       4.86686e-01      
 1.71000e+00       1.05272e-05       7.58177e-06       1.43180e-14       3.66053e-08       4.86686e-01       1.12873e+00       4.86686e-01      
 1.71900e+00       1.05548e-05       7.67664e-06       1.43216e-14       3.74563e-08       4.86686e-01       1.13816e+00       4.86686e-01      
 1.72800e+00       1.05815e-05       7.77176e-06       1.43252e-14       3.83371e-08       4.86686e-01       1.14761e+00       4.86686e-01      
 1.73700e+00       1.06074e-05       7.86711e-06       1.43287e-14       3.92495e-08       4.86686e-01       1.15708e+00       4.86686e-01      
 1.74600e+00       1.06326e-05       7.96269e-06       1.43322e-14       4.01952e-08       4.86686e-01       1.16658e+00       4.86686e-01      
 1.75500e+00       1.06570e-05       8.05849e-06       1.43357e-14       4.11763e-08       4.86686e-01       1.17611e+00       4.86686e-01      
 1.76400e+00       1.06807e-05       8.15451e-06       1.43392e-14       4.21947e-08       4.86686e-01       1.18566e+00       4.86686e-01      
 1.77300e+00       1.07035e-05       8.25074e-06       1.43426e-14       4.32527e-08       4.86686e-01       1.19524e+00       4.86686e-01      
 1.78200e+00       1.07257e-05       8.34717e-06       1.43460e-14       4.43526e-08       4.86686e-01       1.20485e+00       4.86686e-01      
 1.79100e+00       1.07470e-05       8.44380e-06       1.43494e-14       4.54971e-08       4.86686e-01       1.21448e+00       4.86686e-01      
 1.80000e+00       1.07677e-05       8.54062e-06       1.43528e-14       4.66890e-08       4.86686e-01       1.22414e+00       4.86686e-01      
