
dc (V)            getData("M0:gm    getData("M0:id    getData("M0:cg    getData("M0:gd    getData("M0:vt    getData("M0:vd    getData("M0:vt

 0.00000e+00       9.13818e-13       4.69416e-14       3.86666e-15       7.11847e-16       4.86119e-01       3.93394e-02       4.86119e-01      
 9.00000e-03       1.22545e-12       5.56139e-14       3.85082e-15       9.54724e-16       4.86119e-01       3.93394e-02       4.86119e-01      
 1.80000e-02       1.64327e-12       6.76428e-14       3.83565e-15       1.28042e-15       4.86119e-01       3.93395e-02       4.86119e-01      
 2.70000e-02       2.20338e-12       8.41300e-14       3.82120e-15       1.71714e-15       4.86119e-01       3.93395e-02       4.86119e-01      
 3.60000e-02       2.95417e-12       1.06556e-13       3.80751e-15       2.30269e-15       4.86119e-01       3.93396e-02       4.86119e-01      
 4.50000e-02       3.96043e-12       1.36907e-13       3.79466e-15       3.08773e-15       4.86119e-01       3.93397e-02       4.86119e-01      
 5.40000e-02       5.30885e-12       1.77848e-13       3.78273e-15       4.14010e-15       4.86119e-01       3.93399e-02       4.86119e-01      
 6.30000e-02       7.11548e-12       2.32950e-13       3.77182e-15       5.55069e-15       4.86119e-01       3.93401e-02       4.86119e-01      
 7.20000e-02       9.53550e-12       3.06997e-13       3.76205e-15       7.44114e-15       4.86119e-01       3.93403e-02       4.86119e-01      
 8.10000e-02       1.27764e-11       4.06397e-13       3.75360e-15       9.97429e-15       4.86119e-01       3.93406e-02       4.86119e-01      
 9.00000e-02       1.71152e-11       5.39722e-13       3.74664e-15       1.33680e-14       4.86119e-01       3.93411e-02       4.86119e-01      
 9.90000e-02       2.29220e-11       7.18439e-13       3.74142e-15       1.79135e-14       4.86119e-01       3.93417e-02       4.86119e-01      
 1.08000e-01       3.06904e-11       9.57877e-13       3.73822e-15       2.40003e-14       4.86119e-01       3.93425e-02       4.86119e-01      
 1.17000e-01       4.10781e-11       1.27851e-12       3.73740e-15       3.21481e-14       4.86119e-01       3.93436e-02       4.86119e-01      
 1.26000e-01       5.49588e-11       1.70768e-12       3.73926e-15       4.30510e-14       4.86119e-01       3.93450e-02       4.86119e-01      
 1.35000e-01       7.34933e-11       2.28179e-12       3.74427e-15       5.76334e-14       4.86119e-01       3.93469e-02       4.86119e-01      
 1.44000e-01       9.82244e-11       3.04938e-12       3.75313e-15       7.71263e-14       4.86119e-01       3.93495e-02       4.86119e-01      
 1.53000e-01       1.31194e-10       4.07499e-12       3.76651e-15       1.03167e-13       4.86119e-01       3.93530e-02       4.86119e-01      
 1.62000e-01       1.75099e-10       5.44438e-12       3.78519e-15       1.37930e-13       4.86119e-01       3.93576e-02       4.86119e-01      
 1.71000e-01       2.33494e-10       7.27128e-12       3.81005e-15       1.84297e-13       4.86119e-01       3.93637e-02       4.86119e-01      
 1.80000e-01       3.11047e-10       9.70621e-12       3.84210e-15       2.46077e-13       4.86119e-01       3.93719e-02       4.86119e-01      
 1.89000e-01       4.13868e-10       1.29480e-11       3.88242e-15       3.28297e-13       4.86119e-01       3.93828e-02       4.86119e-01      
 1.98000e-01       5.49923e-10       1.72583e-11       3.93222e-15       4.37567e-13       4.86119e-01       3.93972e-02       4.86119e-01      
 2.07000e-01       7.29540e-10       2.29810e-11       3.99277e-15       5.82545e-13       4.86119e-01       3.94164e-02       4.86119e-01      
 2.16000e-01       9.66040e-10       3.05657e-11       4.06540e-15       7.74530e-13       4.86119e-01       3.94418e-02       4.86119e-01      
 2.25000e-01       1.27649e-09       4.05984e-11       4.15145e-15       1.02819e-12       4.86119e-01       3.94753e-02       4.86119e-01      
 2.34000e-01       1.68260e-09       5.38385e-11       4.25223e-15       1.36245e-12       4.86119e-01       3.95195e-02       4.86119e-01      
 2.43000e-01       2.21173e-09       7.12661e-11       4.36897e-15       1.80156e-12       4.86119e-01       3.95775e-02       4.86119e-01      
 2.52000e-01       2.89805e-09       9.41370e-11       4.50279e-15       2.37636e-12       4.86119e-01       3.96534e-02       4.86119e-01      
 2.61000e-01       3.78380e-09       1.24050e-10       4.65461e-15       3.12565e-12       4.86119e-01       3.97522e-02       4.86119e-01      
 2.70000e-01       4.92050e-09       1.63026e-10       4.82515e-15       4.09777e-12       4.86119e-01       3.98802e-02       4.86119e-01      
 2.79000e-01       6.37022e-09       2.13594e-10       5.01484e-15       5.35211e-12       4.86119e-01       4.00452e-02       4.86119e-01      
 2.88000e-01       8.20661e-09       2.78896e-10       5.22382e-15       6.96061e-12       4.86119e-01       4.02563e-02       4.86119e-01      
 2.97000e-01       1.05157e-08       3.62791e-10       5.45191e-15       9.00892e-12       4.86119e-01       4.05245e-02       4.86119e-01      
 3.06000e-01       1.33963e-08       4.69970e-10       5.69860e-15       1.15970e-11       4.86119e-01       4.08624e-02       4.86119e-01      
 3.15000e-01       1.69596e-08       6.06070e-10       5.96304e-15       1.48391e-11       4.86119e-01       4.12840e-02       4.86119e-01      
 3.24000e-01       2.13281e-08       7.77782e-10       6.24408e-15       1.88625e-11       4.86119e-01       4.18048e-02       4.86119e-01      
 3.33000e-01       2.66337e-08       9.92942e-10       6.54025e-15       2.38050e-11       4.86119e-01       4.24410e-02       4.86119e-01      
 3.42000e-01       3.30146e-08       1.26061e-09       6.84984e-15       2.98115e-11       4.86119e-01       4.32092e-02       4.86119e-01      
 3.51000e-01       4.06113e-08       1.59109e-09       7.17089e-15       3.70292e-11       4.86119e-01       4.41253e-02       4.86119e-01      
 3.60000e-01       4.95618e-08       1.99596e-09       7.50129e-15       4.56023e-11       4.86119e-01       4.52039e-02       4.86119e-01      
 3.69000e-01       5.99974e-08       2.48801e-09       7.83878e-15       5.56666e-11       4.86119e-01       4.64578e-02       4.86119e-01      
 3.78000e-01       7.20388e-08       3.08116e-09       8.18105e-15       6.73446e-11       4.86119e-01       4.78971e-02       4.86119e-01      
 3.87000e-01       8.57946e-08       3.79035e-09       8.52580e-15       8.07425e-11       4.86119e-01       4.95290e-02       4.86119e-01      
 3.96000e-01       1.01363e-07       4.63148e-09       8.87073e-15       9.59479e-11       4.86119e-01       5.13582e-02       4.86119e-01      
 4.05000e-01       1.18833e-07       5.62126e-09       9.21367e-15       1.13031e-10       4.86119e-01       5.33862e-02       4.86119e-01      
 4.14000e-01       1.38293e-07       6.77722e-09       9.55257e-15       1.32045e-10       4.86119e-01       5.56130e-02       4.86119e-01      
 4.23000e-01       1.59833e-07       8.11766e-09       9.88557e-15       1.53032e-10       4.86119e-01       5.80367e-02       4.86119e-01      
 4.32000e-01       1.83554e-07       9.66177e-09       1.02110e-14       1.76024e-10       4.86119e-01       6.06544e-02       4.86119e-01      
 4.41000e-01       2.09564e-07       1.14296e-08       1.05274e-14       2.01046e-10       4.86119e-01       6.34630e-02       4.86119e-01      
 4.50000e-01       2.37982e-07       1.34424e-08       1.08336e-14       2.28123e-10       4.86119e-01       6.64591e-02       4.86119e-01      
 4.59000e-01       2.68935e-07       1.57223e-08       1.11285e-14       2.57278e-10       4.86119e-01       6.96398e-02       4.86119e-01      
 4.68000e-01       3.02549e-07       1.82928e-08       1.14115e-14       2.88535e-10       4.86119e-01       7.30021e-02       4.86119e-01      
 4.77000e-01       3.38947e-07       2.11782e-08       1.16819e-14       3.21918e-10       4.86119e-01       7.65436e-02       4.86119e-01      
 4.86000e-01       3.78242e-07       2.44043e-08       1.19395e-14       3.57451e-10       4.86119e-01       8.02620e-02       4.86119e-01      
 4.95000e-01       4.20527e-07       2.79975e-08       1.21840e-14       3.95160e-10       4.86119e-01       8.41551e-02       4.86119e-01      
 5.04000e-01       4.65873e-07       3.19851e-08       1.24155e-14       4.35066e-10       4.86119e-01       8.82207e-02       4.86119e-01      
 5.13000e-01       5.14326e-07       3.63949e-08       1.26340e-14       4.77189e-10       4.86119e-01       9.24563e-02       4.86119e-01      
 5.22000e-01       5.65899e-07       4.12548e-08       1.28399e-14       5.21543e-10       4.86119e-01       9.68592e-02       4.86119e-01      
 5.31000e-01       6.20576e-07       4.65929e-08       1.30335e-14       5.68138e-10       4.86119e-01       1.01426e-01       4.86119e-01      
 5.40000e-01       6.78312e-07       5.24370e-08       1.32152e-14       6.16981e-10       4.86119e-01       1.06154e-01       4.86119e-01      
 5.49000e-01       7.39033e-07       5.88143e-08       1.33854e-14       6.68068e-10       4.86119e-01       1.11038e-01       4.86119e-01      
 5.58000e-01       8.02636e-07       6.57512e-08       1.35447e-14       7.21394e-10       4.86119e-01       1.16074e-01       4.86119e-01      
 5.67000e-01       8.68998e-07       7.32731e-08       1.36936e-14       7.76945e-10       4.86119e-01       1.21258e-01       4.86119e-01      
 5.76000e-01       9.37977e-07       8.14042e-08       1.38328e-14       8.34703e-10       4.86119e-01       1.26583e-01       4.86119e-01      
 5.85000e-01       1.00941e-06       9.01673e-08       1.39626e-14       8.94645e-10       4.86119e-01       1.32045e-01       4.86119e-01      
 5.94000e-01       1.08314e-06       9.95838e-08       1.40838e-14       9.56745e-10       4.86119e-01       1.37637e-01       4.86119e-01      
 6.03000e-01       1.15898e-06       1.09673e-07       1.41969e-14       1.02097e-09       4.86119e-01       1.43354e-01       4.86119e-01      
 6.12000e-01       1.23675e-06       1.20455e-07       1.43023e-14       1.08729e-09       4.86119e-01       1.49189e-01       4.86119e-01      
 6.21000e-01       1.31627e-06       1.31944e-07       1.44007e-14       1.15566e-09       4.86119e-01       1.55137e-01       4.86119e-01      
 6.30000e-01       1.39737e-06       1.44156e-07       1.44925e-14       1.22606e-09       4.86119e-01       1.61192e-01       4.86119e-01      
 6.39000e-01       1.47988e-06       1.57104e-07       1.45781e-14       1.29844e-09       4.86119e-01       1.67347e-01       4.86119e-01      
 6.48000e-01       1.56362e-06       1.70800e-07       1.46581e-14       1.37276e-09       4.86119e-01       1.73597e-01       4.86119e-01      
 6.57000e-01       1.64845e-06       1.85256e-07       1.47329e-14       1.44900e-09       4.86119e-01       1.79936e-01       4.86119e-01      
 6.66000e-01       1.73422e-06       2.00479e-07       1.48027e-14       1.52710e-09       4.86119e-01       1.86359e-01       4.86119e-01      
 6.75000e-01       1.82079e-06       2.16477e-07       1.48681e-14       1.60704e-09       4.86119e-01       1.92861e-01       4.86119e-01      
 6.84000e-01       1.90804e-06       2.33258e-07       1.49293e-14       1.68878e-09       4.86119e-01       1.99437e-01       4.86119e-01      
 6.93000e-01       1.99585e-06       2.50827e-07       1.49867e-14       1.77230e-09       4.86119e-01       2.06083e-01       4.86119e-01      
 7.02000e-01       2.08412e-06       2.69187e-07       1.50405e-14       1.85755e-09       4.86119e-01       2.12793e-01       4.86119e-01      
 7.11000e-01       2.17275e-06       2.88344e-07       1.50911e-14       1.94452e-09       4.86119e-01       2.19565e-01       4.86119e-01      
 7.20000e-01       2.26166e-06       3.08300e-07       1.51387e-14       2.03317e-09       4.86119e-01       2.26393e-01       4.86119e-01      
 7.29000e-01       2.35077e-06       3.29057e-07       1.51835e-14       2.12349e-09       4.86119e-01       2.33276e-01       4.86119e-01      
 7.38000e-01       2.44001e-06       3.50617e-07       1.52257e-14       2.21545e-09       4.86119e-01       2.40209e-01       4.86119e-01      
 7.47000e-01       2.52932e-06       3.72980e-07       1.52656e-14       2.30903e-09       4.86119e-01       2.47189e-01       4.86119e-01      
 7.56000e-01       2.61866e-06       3.96146e-07       1.53032e-14       2.40422e-09       4.86119e-01       2.54214e-01       4.86119e-01      
 7.65000e-01       2.70796e-06       4.20117e-07       1.53389e-14       2.50100e-09       4.86119e-01       2.61281e-01       4.86119e-01      
 7.74000e-01       2.79719e-06       4.44891e-07       1.53727e-14       2.59936e-09       4.86119e-01       2.68388e-01       4.86119e-01      
 7.83000e-01       2.88631e-06       4.70467e-07       1.54047e-14       2.69929e-09       4.86119e-01       2.75533e-01       4.86119e-01      
 7.92000e-01       2.97529e-06       4.96845e-07       1.54352e-14       2.80078e-09       4.86119e-01       2.82714e-01       4.86119e-01      
 8.01000e-01       3.06410e-06       5.24023e-07       1.54642e-14       2.90383e-09       4.86119e-01       2.89928e-01       4.86119e-01      
 8.10000e-01       3.15271e-06       5.51999e-07       1.54918e-14       3.00843e-09       4.86119e-01       2.97175e-01       4.86119e-01      
 8.19000e-01       3.24109e-06       5.80771e-07       1.55182e-14       3.11457e-09       4.86119e-01       3.04453e-01       4.86119e-01      
 8.28000e-01       3.32923e-06       6.10338e-07       1.55433e-14       3.22226e-09       4.86119e-01       3.11760e-01       4.86119e-01      
 8.37000e-01       3.41711e-06       6.40697e-07       1.55674e-14       3.33150e-09       4.86119e-01       3.19095e-01       4.86119e-01      
 8.46000e-01       3.50471e-06       6.71845e-07       1.55905e-14       3.44230e-09       4.86119e-01       3.26458e-01       4.86119e-01      
 8.55000e-01       3.59202e-06       7.03780e-07       1.56126e-14       3.55464e-09       4.86119e-01       3.33847e-01       4.86119e-01      
 8.64000e-01       3.67902e-06       7.36500e-07       1.56338e-14       3.66855e-09       4.86119e-01       3.41262e-01       4.86119e-01      
 8.73000e-01       3.76569e-06       7.70001e-07       1.56542e-14       3.78403e-09       4.86119e-01       3.48701e-01       4.86119e-01      
 8.82000e-01       3.85202e-06       8.04281e-07       1.56738e-14       3.90108e-09       4.86119e-01       3.56164e-01       4.86119e-01      
 8.91000e-01       3.93801e-06       8.39335e-07       1.56927e-14       4.01972e-09       4.86119e-01       3.63650e-01       4.86119e-01      
 9.00000e-01       4.02363e-06       8.75162e-07       1.57109e-14       4.13996e-09       4.86119e-01       3.71158e-01       4.86119e-01      
 9.09000e-01       4.10888e-06       9.11758e-07       1.57285e-14       4.26181e-09       4.86119e-01       3.78689e-01       4.86119e-01      
 9.18000e-01       4.19375e-06       9.49120e-07       1.57456e-14       4.38529e-09       4.86119e-01       3.86241e-01       4.86119e-01      
 9.27000e-01       4.27823e-06       9.87243e-07       1.57620e-14       4.51041e-09       4.86119e-01       3.93815e-01       4.86119e-01      
 9.36000e-01       4.36230e-06       1.02612e-06       1.57779e-14       4.63718e-09       4.86119e-01       4.01410e-01       4.86119e-01      
 9.45000e-01       4.44595e-06       1.06576e-06       1.57934e-14       4.76563e-09       4.86119e-01       4.09025e-01       4.86119e-01      
 9.54000e-01       4.52918e-06       1.10615e-06       1.58083e-14       4.89577e-09       4.86119e-01       4.16660e-01       4.86119e-01      
 9.63000e-01       4.61197e-06       1.14728e-06       1.58229e-14       5.02763e-09       4.86119e-01       4.24315e-01       4.86119e-01      
 9.72000e-01       4.69432e-06       1.18916e-06       1.58370e-14       5.16122e-09       4.86119e-01       4.31991e-01       4.86119e-01      
 9.81000e-01       4.77621e-06       1.23178e-06       1.58507e-14       5.29658e-09       4.86119e-01       4.39685e-01       4.86119e-01      
 9.90000e-01       4.85763e-06       1.27513e-06       1.58640e-14       5.43371e-09       4.86119e-01       4.47400e-01       4.86119e-01      
 9.99000e-01       4.93858e-06       1.31921e-06       1.58770e-14       5.57265e-09       4.86119e-01       4.55133e-01       4.86119e-01      
 1.00800e+00       5.01904e-06       1.36402e-06       1.58897e-14       5.71343e-09       4.86119e-01       4.62886e-01       4.86119e-01      
 1.01700e+00       5.09900e-06       1.40955e-06       1.59020e-14       5.85607e-09       4.86119e-01       4.70658e-01       4.86119e-01      
 1.02600e+00       5.17845e-06       1.45580e-06       1.59141e-14       6.00060e-09       4.86119e-01       4.78449e-01       4.86119e-01      
 1.03500e+00       5.25739e-06       1.50276e-06       1.59258e-14       6.14705e-09       4.86119e-01       4.86259e-01       4.86119e-01      
 1.04400e+00       5.33579e-06       1.55043e-06       1.59373e-14       6.29546e-09       4.86119e-01       4.94088e-01       4.86119e-01      
 1.05300e+00       5.41366e-06       1.59880e-06       1.59485e-14       6.44585e-09       4.86119e-01       5.01936e-01       4.86119e-01      
 1.06200e+00       5.49098e-06       1.64787e-06       1.59594e-14       6.59826e-09       4.86119e-01       5.09802e-01       4.86119e-01      
 1.07100e+00       5.56775e-06       1.69763e-06       1.59701e-14       6.75273e-09       4.86119e-01       5.17688e-01       4.86119e-01      
 1.08000e+00       5.64394e-06       1.74808e-06       1.59806e-14       6.90930e-09       4.86119e-01       5.25592e-01       4.86119e-01      
 1.08900e+00       5.71956e-06       1.79922e-06       1.59909e-14       7.06800e-09       4.86119e-01       5.33515e-01       4.86119e-01      
 1.09800e+00       5.79458e-06       1.85103e-06       1.60009e-14       7.22887e-09       4.86119e-01       5.41458e-01       4.86119e-01      
 1.10700e+00       5.86901e-06       1.90352e-06       1.60108e-14       7.39196e-09       4.86119e-01       5.49419e-01       4.86119e-01      
 1.11600e+00       5.94284e-06       1.95667e-06       1.60204e-14       7.55732e-09       4.86119e-01       5.57399e-01       4.86119e-01      
 1.12500e+00       6.01604e-06       2.01048e-06       1.60299e-14       7.72498e-09       4.86119e-01       5.65398e-01       4.86119e-01      
 1.13400e+00       6.08863e-06       2.06495e-06       1.60391e-14       7.89500e-09       4.86119e-01       5.73415e-01       4.86119e-01      
 1.14300e+00       6.16058e-06       2.12008e-06       1.60482e-14       8.06743e-09       4.86119e-01       5.81453e-01       4.86119e-01      
 1.15200e+00       6.23188e-06       2.17584e-06       1.60571e-14       8.24231e-09       4.86119e-01       5.89509e-01       4.86119e-01      
 1.16100e+00       6.30254e-06       2.23224e-06       1.60659e-14       8.41970e-09       4.86119e-01       5.97584e-01       4.86119e-01      
 1.17000e+00       6.37253e-06       2.28928e-06       1.60745e-14       8.59966e-09       4.86119e-01       6.05679e-01       4.86119e-01      
 1.17900e+00       6.44186e-06       2.34695e-06       1.60830e-14       8.78225e-09       4.86119e-01       6.13793e-01       4.86119e-01      
 1.18800e+00       6.51051e-06       2.40523e-06       1.60913e-14       8.96753e-09       4.86119e-01       6.21926e-01       4.86119e-01      
 1.19700e+00       6.57848e-06       2.46413e-06       1.60994e-14       9.15555e-09       4.86119e-01       6.30079e-01       4.86119e-01      
 1.20600e+00       6.64576e-06       2.52364e-06       1.61074e-14       9.34640e-09       4.86119e-01       6.38251e-01       4.86119e-01      
 1.21500e+00       6.71233e-06       2.58375e-06       1.61153e-14       9.54013e-09       4.86119e-01       6.46443e-01       4.86119e-01      
 1.22400e+00       6.77821e-06       2.64446e-06       1.61231e-14       9.73681e-09       4.86119e-01       6.54654e-01       4.86119e-01      
 1.23300e+00       6.84337e-06       2.70576e-06       1.61307e-14       9.93653e-09       4.86119e-01       6.62885e-01       4.86119e-01      
 1.24200e+00       6.90782e-06       2.76764e-06       1.61382e-14       1.01394e-08       4.86119e-01       6.71136e-01       4.86119e-01      
 1.25100e+00       6.97154e-06       2.83009e-06       1.61456e-14       1.03454e-08       4.86119e-01       6.79407e-01       4.86119e-01      
 1.26000e+00       7.03453e-06       2.89312e-06       1.61529e-14       1.05547e-08       4.86119e-01       6.87698e-01       4.86119e-01      
 1.26900e+00       7.09679e-06       2.95671e-06       1.61601e-14       1.07673e-08       4.86119e-01       6.96009e-01       4.86119e-01      
 1.27800e+00       7.15831e-06       3.02086e-06       1.61671e-14       1.09834e-08       4.86119e-01       7.04341e-01       4.86119e-01      
 1.28700e+00       7.21908e-06       3.08556e-06       1.61741e-14       1.12031e-08       4.86119e-01       7.12692e-01       4.86119e-01      
 1.29600e+00       7.27910e-06       3.15080e-06       1.61809e-14       1.14264e-08       4.86119e-01       7.21064e-01       4.86119e-01      
 1.30500e+00       7.33837e-06       3.21658e-06       1.61877e-14       1.16535e-08       4.86119e-01       7.29457e-01       4.86119e-01      
 1.31400e+00       7.39688e-06       3.28289e-06       1.61943e-14       1.18844e-08       4.86119e-01       7.37869e-01       4.86119e-01      
 1.32300e+00       7.45463e-06       3.34972e-06       1.62009e-14       1.21193e-08       4.86119e-01       7.46303e-01       4.86119e-01      
 1.33200e+00       7.51161e-06       3.41707e-06       1.62073e-14       1.23583e-08       4.86119e-01       7.54757e-01       4.86119e-01      
 1.34100e+00       7.56782e-06       3.48492e-06       1.62137e-14       1.26015e-08       4.86119e-01       7.63233e-01       4.86119e-01      
 1.35000e+00       7.62326e-06       3.55328e-06       1.62200e-14       1.28491e-08       4.86119e-01       7.71729e-01       4.86119e-01      
 1.35900e+00       7.67793e-06       3.62214e-06       1.62262e-14       1.31011e-08       4.86119e-01       7.80246e-01       4.86119e-01      
 1.36800e+00       7.73181e-06       3.69148e-06       1.62323e-14       1.33578e-08       4.86119e-01       7.88785e-01       4.86119e-01      
 1.37700e+00       7.78492e-06       3.76131e-06       1.62384e-14       1.36192e-08       4.86119e-01       7.97344e-01       4.86119e-01      
 1.38600e+00       7.83725e-06       3.83161e-06       1.62443e-14       1.38856e-08       4.86119e-01       8.05925e-01       4.86119e-01      
 1.39500e+00       7.88880e-06       3.90238e-06       1.62502e-14       1.41571e-08       4.86119e-01       8.14528e-01       4.86119e-01      
 1.40400e+00       7.93956e-06       3.97360e-06       1.62560e-14       1.44338e-08       4.86119e-01       8.23152e-01       4.86119e-01      
 1.41300e+00       7.98954e-06       4.04529e-06       1.62618e-14       1.47160e-08       4.86119e-01       8.31798e-01       4.86119e-01      
 1.42200e+00       8.03874e-06       4.11741e-06       1.62674e-14       1.50038e-08       4.86119e-01       8.40465e-01       4.86119e-01      
 1.43100e+00       8.08714e-06       4.18998e-06       1.62730e-14       1.52974e-08       4.86119e-01       8.49155e-01       4.86119e-01      
 1.44000e+00       8.13477e-06       4.26298e-06       1.62786e-14       1.55971e-08       4.86119e-01       8.57866e-01       4.86119e-01      
 1.44900e+00       8.18160e-06       4.33640e-06       1.62841e-14       1.59030e-08       4.86119e-01       8.66600e-01       4.86119e-01      
 1.45800e+00       8.22765e-06       4.41024e-06       1.62895e-14       1.62154e-08       4.86119e-01       8.75355e-01       4.86119e-01      
 1.46700e+00       8.27292e-06       4.48450e-06       1.62948e-14       1.65345e-08       4.86119e-01       8.84134e-01       4.86119e-01      
 1.47600e+00       8.31740e-06       4.55915e-06       1.63001e-14       1.68606e-08       4.86119e-01       8.92934e-01       4.86119e-01      
 1.48500e+00       8.36110e-06       4.63421e-06       1.63053e-14       1.71938e-08       4.86119e-01       9.01757e-01       4.86119e-01      
 1.49400e+00       8.40402e-06       4.70965e-06       1.63105e-14       1.75347e-08       4.86119e-01       9.10603e-01       4.86119e-01      
 1.50300e+00       8.44616e-06       4.78548e-06       1.63156e-14       1.78833e-08       4.86119e-01       9.19472e-01       4.86119e-01      
 1.51200e+00       8.48752e-06       4.86168e-06       1.63207e-14       1.82400e-08       4.86119e-01       9.28363e-01       4.86119e-01      
 1.52100e+00       8.52811e-06       4.93825e-06       1.63257e-14       1.86051e-08       4.86119e-01       9.37278e-01       4.86119e-01      
 1.53000e+00       8.56792e-06       5.01518e-06       1.63306e-14       1.89790e-08       4.86119e-01       9.46216e-01       4.86119e-01      
 1.53900e+00       8.60696e-06       5.09247e-06       1.63355e-14       1.93621e-08       4.86119e-01       9.55177e-01       4.86119e-01      
 1.54800e+00       8.64523e-06       5.17011e-06       1.63404e-14       1.97547e-08       4.86119e-01       9.64161e-01       4.86119e-01      
 1.55700e+00       8.68273e-06       5.24808e-06       1.63452e-14       2.01572e-08       4.86119e-01       9.73169e-01       4.86119e-01      
 1.56600e+00       8.71947e-06       5.32639e-06       1.63500e-14       2.05701e-08       4.86119e-01       9.82200e-01       4.86119e-01      
 1.57500e+00       8.75546e-06       5.40503e-06       1.63547e-14       2.09938e-08       4.86119e-01       9.91255e-01       4.86119e-01      
 1.58400e+00       8.79068e-06       5.48399e-06       1.63593e-14       2.14287e-08       4.86119e-01       1.00033e+00       4.86119e-01      
 1.59300e+00       8.82515e-06       5.56326e-06       1.63640e-14       2.18755e-08       4.86119e-01       1.00944e+00       4.86119e-01      
 1.60200e+00       8.85888e-06       5.64284e-06       1.63686e-14       2.23346e-08       4.86119e-01       1.01856e+00       4.86119e-01      
 1.61100e+00       8.89185e-06       5.72272e-06       1.63731e-14       2.28066e-08       4.86119e-01       1.02771e+00       4.86119e-01      
 1.62000e+00       8.92409e-06       5.80289e-06       1.63776e-14       2.32921e-08       4.86119e-01       1.03689e+00       4.86119e-01      
 1.62900e+00       8.95559e-06       5.88335e-06       1.63821e-14       2.37918e-08       4.86119e-01       1.04609e+00       4.86119e-01      
 1.63800e+00       8.98635e-06       5.96409e-06       1.63865e-14       2.43063e-08       4.86119e-01       1.05531e+00       4.86119e-01      
 1.64700e+00       9.01639e-06       6.04510e-06       1.63909e-14       2.48363e-08       4.86119e-01       1.06456e+00       4.86119e-01      
 1.65600e+00       9.04570e-06       6.12638e-06       1.63952e-14       2.53827e-08       4.86119e-01       1.07384e+00       4.86119e-01      
 1.66500e+00       9.07429e-06       6.20792e-06       1.63995e-14       2.59463e-08       4.86119e-01       1.08314e+00       4.86119e-01      
 1.67400e+00       9.10217e-06       6.28972e-06       1.64038e-14       2.65279e-08       4.86119e-01       1.09246e+00       4.86119e-01      
 1.68300e+00       9.12933e-06       6.37176e-06       1.64080e-14       2.71285e-08       4.86119e-01       1.10181e+00       4.86119e-01      
 1.69200e+00       9.15579e-06       6.45404e-06       1.64122e-14       2.77491e-08       4.86119e-01       1.11118e+00       4.86119e-01      
 1.70100e+00       9.18155e-06       6.53656e-06       1.64164e-14       2.83907e-08       4.86119e-01       1.12058e+00       4.86119e-01      
 1.71000e+00       9.20661e-06       6.61931e-06       1.64205e-14       2.90546e-08       4.86119e-01       1.13001e+00       4.86119e-01      
 1.71900e+00       9.23098e-06       6.70228e-06       1.64246e-14       2.97419e-08       4.86119e-01       1.13946e+00       4.86119e-01      
 1.72800e+00       9.25466e-06       6.78546e-06       1.64287e-14       3.04540e-08       4.86119e-01       1.14894e+00       4.86119e-01      
 1.73700e+00       9.27765e-06       6.86886e-06       1.64327e-14       3.11922e-08       4.86119e-01       1.15844e+00       4.86119e-01      
 1.74600e+00       9.29997e-06       6.95246e-06       1.64367e-14       3.19582e-08       4.86119e-01       1.16797e+00       4.86119e-01      
 1.75500e+00       9.32162e-06       7.03626e-06       1.64407e-14       3.27534e-08       4.86119e-01       1.17752e+00       4.86119e-01      
 1.76400e+00       9.34260e-06       7.12025e-06       1.64446e-14       3.35798e-08       4.86119e-01       1.18710e+00       4.86119e-01      
 1.77300e+00       9.36291e-06       7.20442e-06       1.64485e-14       3.44391e-08       4.86119e-01       1.19671e+00       4.86119e-01      
 1.78200e+00       9.38256e-06       7.28878e-06       1.64524e-14       3.53335e-08       4.86119e-01       1.20635e+00       4.86119e-01      
 1.79100e+00       9.40156e-06       7.37331e-06       1.64562e-14       3.62651e-08       4.86119e-01       1.21601e+00       4.86119e-01      
 1.80000e+00       9.41991e-06       7.45800e-06       1.64601e-14       3.72363e-08       4.86119e-01       1.22570e+00       4.86119e-01      
